0,11.8025541305542,10.72429347038269
1,23.28198790550232,9.628801345825195
2,34.81653070449829,9.664216995239258
3,46.23934078216553,9.632288217544556
4,57.78346371650696,9.678714990615845
5,69.17596054077148,9.643358707427979
6,80.61400604248047,9.572002410888672
7,91.91180539131165,9.553176164627075
8,103.24382495880127,9.582427024841309
9,114.68650650978088,9.55314040184021
10,125.95138430595398,9.537433624267578
11,137.31505036354065,9.571454524993896
12,148.6909990310669,9.611574411392212
13,160.22238492965698,9.687363862991333
14,171.57186031341553,9.633835077285767
15,182.95670342445374,9.609201431274414
16,194.38756370544434,9.583861351013184
17,205.6580958366394,9.533533334732056
18,217.02987480163574,9.561176061630249
19,228.41118001937866,9.504506587982178
20,239.71903371810913,9.585140228271484
21,251.17668843269348,9.623330354690552
22,262.72302317619324,9.677530288696289
23,274.07626700401306,9.51633882522583
24,285.4920208454132,9.533611536026001
25,296.8968367576599,9.518222570419312
26,308.2705383300781,9.628637075424194
27,319.7792422771454,9.595276355743408
28,331.18806624412537,9.602459907531738
