0,11.671308517456055,10.585901260375977
1,22.9961998462677,9.578221321105957
2,34.36547493934631,9.614739894866943
3,45.777501344680786,9.633790016174316
4,57.15326714515686,9.625162601470947
5,68.49571800231934,9.60483455657959
6,79.93052220344543,9.600701332092285
7,91.49480390548706,9.614013433456421
8,102.81531548500061,9.528146743774414
9,114.27660489082336,9.597012281417847
10,125.74877643585205,9.668561458587646
11,137.1956024169922,9.594714164733887
12,148.55153489112854,9.62663984298706
13,159.85038423538208,9.56766963005066
14,171.1745150089264,9.597558975219727
15,182.60160613059998,9.626469612121582
16,194.00533723831177,9.624968767166138
17,205.40061354637146,9.585657119750977
18,216.80833172798157,9.60263442993164
19,228.11816120147705,9.585326433181763
20,239.46665477752686,9.61240029335022
21,250.82891845703125,9.650150299072266
22,262.2458117008209,9.619167566299438
