0,11.789629697799683,10.701452493667603
1,23.26114559173584,9.65204930305481
2,34.76455044746399,9.685730457305908
3,46.2661190032959,9.716800689697266
4,57.756715297698975,9.72219204902649
5,69.19254088401794,9.687763214111328
6,80.62627291679382,9.639357805252075
7,92.05288910865784,9.694682598114014
8,103.57665801048279,9.777336359024048
9,115.0846917629242,9.766481637954712
10,126.3886649608612,9.580500841140747
11,137.66760897636414,9.644126415252686
12,149.28421688079834,9.808214902877808
13,160.86900877952576,9.824223756790161
14,172.32489371299744,9.747227907180786
15,183.77545619010925,9.740210771560669
16,195.34691333770752,9.829029321670532
