0,12.108196258544922,10.827944040298462
1,23.782060384750366,9.774319887161255
2,35.27886390686035,9.60112977027893
3,46.637882232666016,9.63819169998169
4,58.052154541015625,9.648316860198975
5,69.27227878570557,9.450611114501953
6,80.6443235874176,9.639559268951416
7,91.95820784568787,9.543227910995483
8,103.42098951339722,9.621222257614136
9,114.7764687538147,9.505908250808716
10,126.2396559715271,9.595296144485474
11,137.54119205474854,9.557360172271729
12,148.95946884155273,9.60078239440918
13,160.3478524684906,9.550060033798218
14,171.70316076278687,9.491365909576416
15,183.2641532421112,9.683128118515015
16,194.72711372375488,9.601871490478516
17,206.00778985023499,9.411242008209229
18,217.3459403514862,9.693818807601929
19,228.77614498138428,9.637763977050781
20,240.25801968574524,9.666619062423706
21,251.72841930389404,9.717073678970337
22,263.2274868488312,9.718380451202393
23,274.70855617523193,9.708079099655151
24,286.1541464328766,9.62896990776062
25,297.60422468185425,9.737510442733765
26,309.16815185546875,9.777442693710327
27,320.6637351512909,9.776782512664795
