0,11.626922845840454,10.52221941947937
1,22.91120481491089,9.472962617874146
2,34.12517523765564,9.409071207046509
3,45.30426812171936,9.441249132156372
4,56.69756293296814,9.461942195892334
5,68.0785174369812,9.483404874801636
6,79.45345258712769,9.512640476226807
7,90.97366905212402,9.582675695419312
8,102.24891567230225,9.543554544448853
9,113.40954113006592,9.428700923919678
10,124.8399178981781,9.512933254241943
11,136.04416966438293,9.446258068084717
12,147.16252207756042,9.417329549789429
13,158.54501175880432,9.577420949935913
14,169.69952416419983,9.453896284103394
15,180.86643171310425,9.44569730758667
16,192.39071083068848,9.54081916809082
