0,11.625974893569946,10.540381908416748
1,22.893441200256348,9.479869604110718
2,34.10524797439575,9.433316469192505
3,45.33843541145325,9.501224279403687
4,56.588502168655396,9.41812777519226
5,67.79373049736023,9.444914102554321
6,79.02315855026245,9.436402559280396
7,90.25606036186218,9.4147367477417
8,101.37424325942993,9.399719953536987
9,112.54306530952454,9.412877082824707
10,123.69250583648682,9.453141689300537
11,134.75918102264404,9.355733156204224
12,145.88132786750793,9.425738334655762
13,157.10623812675476,9.435886144638062
14,168.23330307006836,9.385992527008057
15,179.48809957504272,9.496933937072754
16,190.61428689956665,9.420500993728638
17,201.76241278648376,9.433815717697144
18,212.88171672821045,9.412078619003296
19,224.10042452812195,9.500730037689209
20,235.38469910621643,9.427493572235107
21,246.52314043045044,9.407971143722534
22,257.6550476551056,9.424503564834595
23,268.8794400691986,9.45853877067566
